0000244_04000_d_0000009.jpg, 290, 358, 337, 182
0000244_01000_d_0000003.jpg, 250, 231, 214, 292
0000242_01475_d_0000007.jpg, 217, 270, 395, 270
0000242_00627_d_0000003.jpg, 196, 335, 322, 205
0000223_01802_d_0000005.jpg, 883, 568, 257, 512
0000193_01876_d_0000113.jpg, 118, 289, 372, 180
0000193_02029_d_0000114.jpg, 283, 301, 231, 168
0000154_01601_d_0000001.jpg, 360, 330, 216, 210
0000026_00500_d_0000025.jpg, 322, 470, 1038, 295
0000242_00843_d_0000004.jpg, 0, 0, 323, 540
0000330_00801_d_0000804.jpg, 516, 307, 314, 458
0000335_06861_d_0000078.jpg, 286, 163, 524, 602
0000277_02401_d_0000551.jpg, 594, 397, 766, 368
0000263_02401_d_0000179.jpg, 136, 270, 618, 375